+---------------------------+----------------------+----------------------+----------------------+----------------------+----------------------+----------------------+----------------------+----------------------+----------------------+-----------------------+
| Sampling                  | $\mathcal{DS}_{1}$   | $\mathcal{DS}_{2}$   | $\mathcal{DS}_{3}$   | $\mathcal{DS}_{4}$   | $\mathcal{DS}_{5}$   | $\mathcal{DS}_{6}$   | $\mathcal{DS}_{7}$   | $\mathcal{DS}_{8}$   | $\mathcal{DS}_{9}$   | $\mathcal{DS}_{10}$   |
+===========================+======================+======================+======================+======================+======================+======================+======================+======================+======================+=======================+
| NoSMOTE                   | 0.99                 | 1.00                 | 0.99                 | 0.29                 | 0.94                 | 0.98                 | 1.00                 | 0.78                 | 0.78                 | 0.37                  |
|                           | (0.03)               | (0.00)               | (0.02)               | (0.43)               | (0.12)               | (0.03)               | (0.00)               | (0.12)               | (0.28)               | (0.32)                |
+---------------------------+----------------------+----------------------+----------------------+----------------------+----------------------+----------------------+----------------------+----------------------+----------------------+-----------------------+
| RandomOverSampler         | 1.00                 | 1.00                 | 0.98                 | 0.32                 | 0.94                 | 0.97                 | 1.00                 | 0.99                 | 0.99                 | 1.00                  |
|                           | (0.00)               | (0.00)               | (0.03)               | (0.45)               | (0.09)               | (0.05)               | (0.00)               | (0.03)               | (0.03)               | (0.00)                |
+---------------------------+----------------------+----------------------+----------------------+----------------------+----------------------+----------------------+----------------------+----------------------+----------------------+-----------------------+
| SMOTE                     | 0.99                 | 1.00                 | 0.99                 | 0.23                 | 0.89                 | 0.96                 | 1.00                 | 0.98                 | 0.91                 | 1.00                  |
|                           | (0.02)               | (0.00)               | (0.02)               | (0.39)               | (0.11)               | (0.04)               | (0.00)               | (0.03)               | (0.12)               | (0.00)                |
+---------------------------+----------------------+----------------------+----------------------+----------------------+----------------------+----------------------+----------------------+----------------------+----------------------+-----------------------+
| ProWSyn                   | 0.99                 | 1.00                 | 0.99                 | 0.12                 | 0.86                 | 0.96                 | 1.00                 | 0.97                 | 0.91                 | 1.00                  |
|                           | (0.03)               | (0.00)               | (0.02)               | (0.30)               | (0.14)               | (0.04)               | (0.00)               | (0.05)               | (0.12)               | (0.00)                |
+---------------------------+----------------------+----------------------+----------------------+----------------------+----------------------+----------------------+----------------------+----------------------+----------------------+-----------------------+
| BorderlineSMOTE           | 1.00                 | 1.00                 | 0.96                 | 0.29                 | 0.93                 | 0.97                 | 1.00                 | 0.98                 | 0.92                 | 0.98                  |
|                           | (0.00)               | (0.00)               | (0.08)               | (0.43)               | (0.07)               | (0.03)               | (0.00)               | (0.05)               | (0.13)               | (0.03)                |
+---------------------------+----------------------+----------------------+----------------------+----------------------+----------------------+----------------------+----------------------+----------------------+----------------------+-----------------------+
| DBSMOTE                   | 0.99                 | 1.00                 | 1.00                 | 0.12                 | 0.79                 | 0.99                 | 1.00                 | 0.99                 | 0.89                 | 0.97                  |
|                           | (0.02)               | (0.00)               | (0.00)               | (0.30)               | (0.30)               | (0.02)               | (0.00)               | (0.03)               | (0.30)               | (0.08)                |
+---------------------------+----------------------+----------------------+----------------------+----------------------+----------------------+----------------------+----------------------+----------------------+----------------------+-----------------------+
| SOMO                      | 1.00                 | 1.00                 | 0.96                 | 0.89                 | 0.80                 | 0.94                 | 1.00                 | 0.78                 | 0.73                 | 0.40                  |
|                           | (0.00)               | (0.00)               | (0.12)               | (0.28)               | (0.17)               | (0.07)               | (0.00)               | (0.16)               | (0.33)               | (0.38)                |
+---------------------------+----------------------+----------------------+----------------------+----------------------+----------------------+----------------------+----------------------+----------------------+----------------------+-----------------------+
| MSYN                      | 0.99                 | 1.00                 | 0.98                 | 0.23                 | 0.80                 | 0.96                 | 1.00                 | 0.98                 | 0.80                 | 1.00                  |
|                           | (0.02)               | (0.00)               | (0.03)               | (0.39)               | (0.23)               | (0.04)               | (0.00)               | (0.05)               | (0.29)               | (0.00)                |
+---------------------------+----------------------+----------------------+----------------------+----------------------+----------------------+----------------------+----------------------+----------------------+----------------------+-----------------------+
| CCR                       | 1.00                 | 1.00                 | 0.97                 | 0.80                 | 0.91                 | 0.97                 | 1.00                 | 0.99                 | 0.97                 | 1.00                  |
|                           | (0.00)               | (0.00)               | (0.03)               | (0.40)               | (0.12)               | (0.04)               | (0.00)               | (0.03)               | (0.05)               | (0.00)                |
+---------------------------+----------------------+----------------------+----------------------+----------------------+----------------------+----------------------+----------------------+----------------------+----------------------+-----------------------+
| AHC                       | 0.99                 | 1.00                 | 0.98                 | 0.23                 | 0.93                 | 0.96                 | 1.00                 | 0.85                 | 0.78                 | 0.52                  |
|                           | (0.02)               | (0.00)               | (0.03)               | (0.39)               | (0.09)               | (0.04)               | (0.00)               | (0.09)               | (0.28)               | (0.41)                |
+---------------------------+----------------------+----------------------+----------------------+----------------------+----------------------+----------------------+----------------------+----------------------+----------------------+-----------------------+
| ADASYN                    | 0.99                 | 0.99                 | 0.99                 | 0.36                 | 0.93                 | 0.97                 | 1.00                 | 0.99                 | 0.92                 | 1.00                  |
|                           | (0.02)               | (0.03)               | (0.02)               | (0.44)               | (0.08)               | (0.05)               | (0.00)               | (0.03)               | (0.13)               | (0.00)                |
+---------------------------+----------------------+----------------------+----------------------+----------------------+----------------------+----------------------+----------------------+----------------------+----------------------+-----------------------+
| RandomUnderSampler        | 0.99                 | 1.00                 | 0.97                 | 0.78                 | 0.84                 | 0.96                 | 1.00                 | 1.00                 | 0.97                 | 1.00                  |
|                           | (0.02)               | (0.00)               | (0.05)               | (0.40)               | (0.19)               | (0.05)               | (0.00)               | (0.00)               | (0.05)               | (0.00)                |
+---------------------------+----------------------+----------------------+----------------------+----------------------+----------------------+----------------------+----------------------+----------------------+----------------------+-----------------------+
| ClusterCentroids          | 0.99                 | 1.00                 | 0.98                 | 0.51                 | 0.92                 | 0.96                 | 1.00                 | 1.00                 | 1.00                 | 1.00                  |
|                           | (0.02)               | (0.00)               | (0.02)               | (0.50)               | (0.12)               | (0.06)               | (0.00)               | (0.00)               | (0.00)               | (0.00)                |
+---------------------------+----------------------+----------------------+----------------------+----------------------+----------------------+----------------------+----------------------+----------------------+----------------------+-----------------------+
| InstanceHardnessThreshold | 1.00                 | 1.00                 | 0.99                 | 0.48                 | 0.96                 | 0.96                 | 1.00                 | 0.97                 | 0.97                 | 0.68                  |
|                           | (0.00)               | (0.00)               | (0.03)               | (0.49)               | (0.05)               | (0.02)               | (0.00)               | (0.05)               | (0.05)               | (0.33)                |
+---------------------------+----------------------+----------------------+----------------------+----------------------+----------------------+----------------------+----------------------+----------------------+----------------------+-----------------------+
| NearMiss                  | 1.00                 | 1.00                 | 1.00                 | 0.90                 | 0.98                 | 1.00                 | 1.00                 | 1.00                 | 0.49                 | 1.00                  |
|                           | (0.00)               | (0.00)               | (0.00)               | (0.30)               | (0.05)               | (0.00)               | (0.00)               | (0.00)               | (0.30)               | (0.00)                |
+---------------------------+----------------------+----------------------+----------------------+----------------------+----------------------+----------------------+----------------------+----------------------+----------------------+-----------------------+
| TomekLinks                | 1.00                 | 1.00                 | 0.99                 | 0.29                 | 0.94                 | 0.97                 | 1.00                 | 0.78                 | 0.78                 | 0.37                  |
|                           | (0.00)               | (0.00)               | (0.02)               | (0.43)               | (0.12)               | (0.04)               | (0.00)               | (0.12)               | (0.28)               | (0.32)                |
+---------------------------+----------------------+----------------------+----------------------+----------------------+----------------------+----------------------+----------------------+----------------------+----------------------+-----------------------+
| EditedNearestNeighbours   | 0.99                 | 1.00                 | 1.00                 | 0.29                 | 0.98                 | 0.97                 | 1.00                 | 0.78                 | 0.82                 | 0.43                  |
|                           | (0.02)               | (0.00)               | (0.00)               | (0.43)               | (0.03)               | (0.03)               | (0.00)               | (0.11)               | (0.28)               | (0.32)                |
+---------------------------+----------------------+----------------------+----------------------+----------------------+----------------------+----------------------+----------------------+----------------------+----------------------+-----------------------+
| AllKNN                    | 1.00                 | 1.00                 | 1.00                 | 0.29                 | 0.98                 | 0.96                 | 1.00                 | 0.78                 | 0.82                 | 0.43                  |
|                           | (0.00)               | (0.00)               | (0.00)               | (0.43)               | (0.03)               | (0.04)               | (0.00)               | (0.11)               | (0.28)               | (0.32)                |
+---------------------------+----------------------+----------------------+----------------------+----------------------+----------------------+----------------------+----------------------+----------------------+----------------------+-----------------------+
| OneSidedSelection         | 1.00                 | 1.00                 | 1.00                 | 0.90                 | 0.92                 | 0.97                 | 1.00                 | 0.75                 | 0.52                 | 0.45                  |
|                           | (0.00)               | (0.00)               | (0.00)               | (0.30)               | (0.16)               | (0.04)               | (0.00)               | (0.17)               | (0.31)               | (0.35)                |
+---------------------------+----------------------+----------------------+----------------------+----------------------+----------------------+----------------------+----------------------+----------------------+----------------------+-----------------------+
| CondensedNearestNeighbour | 0.99                 | 1.00                 | 0.98                 | 1.00                 | 0.79                 | 0.97                 | 1.00                 | 0.91                 | 0.59                 | 0.59                  |
|                           | (0.02)               | (0.00)               | (0.03)               | (0.00)               | (0.29)               | (0.04)               | (0.00)               | (0.13)               | (0.41)               | (0.41)                |
+---------------------------+----------------------+----------------------+----------------------+----------------------+----------------------+----------------------+----------------------+----------------------+----------------------+-----------------------+
| NeighbourhoodCleaningRule | 0.99                 | 1.00                 | 0.99                 | 0.29                 | 0.98                 | 0.97                 | 1.00                 | 0.85                 | 0.82                 | 0.45                  |
|                           | (0.02)               | (0.00)               | (0.03)               | (0.43)               | (0.03)               | (0.04)               | (0.00)               | (0.11)               | (0.28)               | (0.34)                |
+---------------------------+----------------------+----------------------+----------------------+----------------------+----------------------+----------------------+----------------------+----------------------+----------------------+-----------------------+