+---------------------------+----------------------+----------------------+----------------------+----------------------+----------------------+----------------------+----------------------+----------------------+----------------------+-----------------------+
| Sampling                  | $\mathcal{DS}_{1}$   | $\mathcal{DS}_{2}$   | $\mathcal{DS}_{3}$   | $\mathcal{DS}_{4}$   | $\mathcal{DS}_{5}$   | $\mathcal{DS}_{6}$   | $\mathcal{DS}_{7}$   | $\mathcal{DS}_{8}$   | $\mathcal{DS}_{9}$   | $\mathcal{DS}_{10}$   |
+===========================+======================+======================+======================+======================+======================+======================+======================+======================+======================+=======================+
| NoSMOTE                   | 0.16                 | 0.16                 | 0.27                 | 0.01                 | 0.23                 | 0.23                 | 0.25                 | 0.23                 | 0.09                 | 0.04                  |
|                           | (0.03)               | (0.04)               | (0.15)               | (0.01)               | (0.11)               | (0.02)               | (0.02)               | (0.09)               | (0.03)               | (0.03)                |
+---------------------------+----------------------+----------------------+----------------------+----------------------+----------------------+----------------------+----------------------+----------------------+----------------------+-----------------------+
| RandomOverSampler         | 0.20                 | 0.18                 | 0.23                 | 0.00                 | 0.27                 | 0.23                 | 0.20                 | 0.37                 | 0.11                 | 0.46                  |
|                           | (0.04)               | (0.04)               | (0.16)               | (0.00)               | (0.13)               | (0.03)               | (0.03)               | (0.13)               | (0.03)               | (0.09)                |
+---------------------------+----------------------+----------------------+----------------------+----------------------+----------------------+----------------------+----------------------+----------------------+----------------------+-----------------------+
| SMOTE                     | 0.20                 | 0.17                 | 0.23                 | 0.00                 | 0.19                 | 0.23                 | 0.16                 | 0.36                 | 0.10                 | 0.40                  |
|                           | (0.03)               | (0.04)               | (0.15)               | (0.01)               | (0.07)               | (0.02)               | (0.04)               | (0.17)               | (0.03)               | (0.11)                |
+---------------------------+----------------------+----------------------+----------------------+----------------------+----------------------+----------------------+----------------------+----------------------+----------------------+-----------------------+
| ProWSyn                   | 0.18                 | 0.10                 | 0.23                 | 0.00                 | 0.18                 | 0.23                 | 0.16                 | 0.29                 | 0.10                 | 0.38                  |
|                           | (0.03)               | (0.04)               | (0.14)               | (0.01)               | (0.07)               | (0.02)               | (0.05)               | (0.13)               | (0.03)               | (0.08)                |
+---------------------------+----------------------+----------------------+----------------------+----------------------+----------------------+----------------------+----------------------+----------------------+----------------------+-----------------------+
| BorderlineSMOTE           | 0.30                 | 0.25                 | 0.24                 | 0.01                 | 0.19                 | 0.24                 | 0.10                 | 0.25                 | 0.11                 | 0.22                  |
|                           | (0.08)               | (0.09)               | (0.15)               | (0.01)               | (0.07)               | (0.03)               | (0.03)               | (0.09)               | (0.04)               | (0.10)                |
+---------------------------+----------------------+----------------------+----------------------+----------------------+----------------------+----------------------+----------------------+----------------------+----------------------+-----------------------+
| DBSMOTE                   | 0.19                 | 0.19                 | 0.25                 | 0.00                 | 0.24                 | 0.24                 | 0.05                 | 0.37                 | 0.10                 | 0.25                  |
|                           | (0.04)               | (0.04)               | (0.13)               | (0.01)               | (0.13)               | (0.02)               | (0.01)               | (0.13)               | (0.04)               | (0.22)                |
+---------------------------+----------------------+----------------------+----------------------+----------------------+----------------------+----------------------+----------------------+----------------------+----------------------+-----------------------+
| SOMO                      | 0.20                 | 0.25                 | 0.28                 | 0.01                 | 0.15                 | 0.23                 | 0.29                 | 0.23                 | 0.09                 | 0.04                  |
|                           | (0.06)               | (0.15)               | (0.12)               | (0.01)               | (0.06)               | (0.02)               | (0.03)               | (0.09)               | (0.04)               | (0.04)                |
+---------------------------+----------------------+----------------------+----------------------+----------------------+----------------------+----------------------+----------------------+----------------------+----------------------+-----------------------+
| MSYN                      | 0.17                 | 0.17                 | 0.20                 | 0.00                 | 0.17                 | 0.23                 | 0.17                 | 0.32                 | 0.10                 | 0.49                  |
|                           | (0.02)               | (0.04)               | (0.08)               | (0.01)               | (0.05)               | (0.02)               | (0.04)               | (0.12)               | (0.03)               | (0.12)                |
+---------------------------+----------------------+----------------------+----------------------+----------------------+----------------------+----------------------+----------------------+----------------------+----------------------+-----------------------+
| CCR                       | 0.19                 | 0.09                 | 0.20                 | 0.01                 | 0.40                 | 0.23                 | 0.16                 | 0.39                 | 0.11                 | 0.46                  |
|                           | (0.04)               | (0.04)               | (0.07)               | (0.01)               | (0.25)               | (0.02)               | (0.03)               | (0.14)               | (0.03)               | (0.10)                |
+---------------------------+----------------------+----------------------+----------------------+----------------------+----------------------+----------------------+----------------------+----------------------+----------------------+-----------------------+
| AHC                       | 0.18                 | 0.16                 | 0.23                 | 0.00                 | 0.19                 | 0.24                 | 0.22                 | 0.22                 | 0.10                 | 0.05                  |
|                           | (0.04)               | (0.04)               | (0.14)               | (0.01)               | (0.08)               | (0.02)               | (0.02)               | (0.09)               | (0.03)               | (0.03)                |
+---------------------------+----------------------+----------------------+----------------------+----------------------+----------------------+----------------------+----------------------+----------------------+----------------------+-----------------------+
| ADASYN                    | 0.26                 | 0.20                 | 0.24                 | 0.01                 | 0.20                 | 0.24                 | 0.09                 | 0.36                 | 0.11                 | 0.41                  |
|                           | (0.06)               | (0.04)               | (0.15)               | (0.02)               | (0.07)               | (0.02)               | (0.03)               | (0.16)               | (0.04)               | (0.11)                |
+---------------------------+----------------------+----------------------+----------------------+----------------------+----------------------+----------------------+----------------------+----------------------+----------------------+-----------------------+
| RandomUnderSampler        | 0.20                 | 0.17                 | 0.35                 | 0.01                 | 0.33                 | 0.23                 | 0.14                 | 0.57                 | 0.11                 | 0.67                  |
|                           | (0.04)               | (0.04)               | (0.13)               | (0.02)               | (0.22)               | (0.03)               | (0.05)               | (0.19)               | (0.03)               | (0.11)                |
+---------------------------+----------------------+----------------------+----------------------+----------------------+----------------------+----------------------+----------------------+----------------------+----------------------+-----------------------+
| ClusterCentroids          | 0.30                 | 0.23                 | 0.27                 | 0.00                 | 0.29                 | 0.23                 | 0.36                 | 0.54                 | 0.14                 | 0.88                  |
|                           | (0.07)               | (0.03)               | (0.15)               | (0.00)               | (0.15)               | (0.02)               | (0.03)               | (0.10)               | (0.03)               | (0.19)                |
+---------------------------+----------------------+----------------------+----------------------+----------------------+----------------------+----------------------+----------------------+----------------------+----------------------+-----------------------+
| InstanceHardnessThreshold | 0.30                 | 0.18                 | 0.36                 | 0.01                 | 0.27                 | 0.31                 | 0.10                 | 0.29                 | 0.10                 | 0.07                  |
|                           | (0.07)               | (0.04)               | (0.11)               | (0.01)               | (0.15)               | (0.03)               | (0.02)               | (0.10)               | (0.03)               | (0.06)                |
+---------------------------+----------------------+----------------------+----------------------+----------------------+----------------------+----------------------+----------------------+----------------------+----------------------+-----------------------+
| NearMiss                  | 0.17                 | 0.34                 | 0.31                 | 0.02                 | 0.47                 | 0.26                 | 0.46                 | 1.02                 | 0.08                 | 1.14                  |
|                           | (0.03)               | (0.05)               | (0.05)               | (0.02)               | (0.24)               | (0.02)               | (0.04)               | (0.14)               | (0.03)               | (0.09)                |
+---------------------------+----------------------+----------------------+----------------------+----------------------+----------------------+----------------------+----------------------+----------------------+----------------------+-----------------------+
| TomekLinks                | 0.17                 | 0.16                 | 0.30                 | 0.01                 | 0.23                 | 0.23                 | 0.23                 | 0.23                 | 0.09                 | 0.04                  |
|                           | (0.03)               | (0.04)               | (0.18)               | (0.01)               | (0.11)               | (0.02)               | (0.02)               | (0.09)               | (0.03)               | (0.03)                |
+---------------------------+----------------------+----------------------+----------------------+----------------------+----------------------+----------------------+----------------------+----------------------+----------------------+-----------------------+
| EditedNearestNeighbours   | 0.20                 | 0.17                 | 0.38                 | 0.01                 | 0.38                 | 0.28                 | 0.13                 | 0.23                 | 0.10                 | 0.04                  |
|                           | (0.04)               | (0.04)               | (0.11)               | (0.01)               | (0.25)               | (0.03)               | (0.03)               | (0.09)               | (0.03)               | (0.03)                |
+---------------------------+----------------------+----------------------+----------------------+----------------------+----------------------+----------------------+----------------------+----------------------+----------------------+-----------------------+
| AllKNN                    | 0.21                 | 0.17                 | 0.38                 | 0.01                 | 0.53                 | 0.32                 | 0.11                 | 0.23                 | 0.10                 | 0.04                  |
|                           | (0.05)               | (0.04)               | (0.11)               | (0.01)               | (0.29)               | (0.03)               | (0.03)               | (0.09)               | (0.03)               | (0.03)                |
+---------------------------+----------------------+----------------------+----------------------+----------------------+----------------------+----------------------+----------------------+----------------------+----------------------+-----------------------+
| OneSidedSelection         | 0.17                 | 0.17                 | 0.30                 | 0.28                 | 0.26                 | 0.23                 | 0.26                 | 0.24                 | 0.08                 | 0.04                  |
|                           | (0.03)               | (0.04)               | (0.18)               | (0.24)               | (0.14)               | (0.02)               | (0.03)               | (0.09)               | (0.02)               | (0.03)                |
+---------------------------+----------------------+----------------------+----------------------+----------------------+----------------------+----------------------+----------------------+----------------------+----------------------+-----------------------+
| CondensedNearestNeighbour | 0.19                 | 0.11                 | 0.22                 | 0.44                 | 0.21                 | 0.24                 | 0.41                 | 0.34                 | 0.08                 | 0.06                  |
|                           | (0.03)               | (0.04)               | (0.06)               | (0.29)               | (0.09)               | (0.02)               | (0.03)               | (0.16)               | (0.03)               | (0.05)                |
+---------------------------+----------------------+----------------------+----------------------+----------------------+----------------------+----------------------+----------------------+----------------------+----------------------+-----------------------+
| NeighbourhoodCleaningRule | 0.19                 | 0.16                 | 0.41                 | 0.01                 | 0.38                 | 0.25                 | 0.14                 | 0.23                 | 0.09                 | 0.04                  |
|                           | (0.04)               | (0.04)               | (0.14)               | (0.01)               | (0.25)               | (0.02)               | (0.04)               | (0.09)               | (0.03)               | (0.03)                |
+---------------------------+----------------------+----------------------+----------------------+----------------------+----------------------+----------------------+----------------------+----------------------+----------------------+-----------------------+