+---------------------------+----------------------+----------------------+----------------------+----------------------+----------------------+----------------------+----------------------+----------------------+----------------------+-----------------------+
| Sampling                  | $\mathcal{DS}_{1}$   | $\mathcal{DS}_{2}$   | $\mathcal{DS}_{3}$   | $\mathcal{DS}_{4}$   | $\mathcal{DS}_{5}$   | $\mathcal{DS}_{6}$   | $\mathcal{DS}_{7}$   | $\mathcal{DS}_{8}$   | $\mathcal{DS}_{9}$   | $\mathcal{DS}_{10}$   |
+===========================+======================+======================+======================+======================+======================+======================+======================+======================+======================+=======================+
| NoSMOTE                   | 2.74                 | 1.67                 | 0.25                 | 0.00                 | 0.44                 | 0.18                 | 9.09                 | 0.00                 | 0.00                 | 0.00                  |
|                           | (2.69)               | (0.99)               | (0.29)               | (0.00)               | (0.98)               | (0.37)               | (2.28)               | (0.00)               | (0.00)               | (0.00)                |
+---------------------------+----------------------+----------------------+----------------------+----------------------+----------------------+----------------------+----------------------+----------------------+----------------------+-----------------------+
| RandomOverSampler         | 1.04                 | 1.71                 | 0.38                 | 0.00                 | 0.00                 | 0.09                 | 10.47                | 0.00                 | 0.00                 | 0.00                  |
|                           | (1.11)               | (0.94)               | (0.48)               | (0.00)               | (0.00)               | (0.14)               | (1.74)               | (0.00)               | (0.00)               | (0.00)                |
+---------------------------+----------------------+----------------------+----------------------+----------------------+----------------------+----------------------+----------------------+----------------------+----------------------+-----------------------+
| SMOTE                     | 1.81                 | 1.72                 | 1.49                 | 0.00                 | 0.00                 | 0.12                 | 9.05                 | 1.09                 | 0.00                 | 0.00                  |
|                           | (1.83)               | (0.91)               | (2.51)               | (0.00)               | (0.00)               | (0.24)               | (2.42)               | (3.27)               | (0.00)               | (0.00)                |
+---------------------------+----------------------+----------------------+----------------------+----------------------+----------------------+----------------------+----------------------+----------------------+----------------------+-----------------------+
| ProWSyn                   | 2.65                 | 1.55                 | 0.50                 | 0.00                 | 0.00                 | 0.11                 | 8.26                 | 0.73                 | 0.00                 | 0.00                  |
|                           | (2.95)               | (0.97)               | (0.69)               | (0.00)               | (0.00)               | (0.18)               | (2.20)               | (1.47)               | (0.00)               | (0.00)                |
+---------------------------+----------------------+----------------------+----------------------+----------------------+----------------------+----------------------+----------------------+----------------------+----------------------+-----------------------+
| BorderlineSMOTE           | 0.43                 | 26.38                | 1.22                 | 0.00                 | 3.10                 | 0.05                 | 6.49                 | 4.23                 | 0.00                 | 3.32                  |
|                           | (0.48)               | (29.41)              | (1.47)               | (0.00)               | (7.28)               | (0.14)               | (2.66)               | (5.54)               | (0.00)               | (6.84)                |
+---------------------------+----------------------+----------------------+----------------------+----------------------+----------------------+----------------------+----------------------+----------------------+----------------------+-----------------------+
| DBSMOTE                   | 4.95                 | 2.05                 | 7.03                 | 0.00                 | 0.95                 | 1.38                 | 0.74                 | 0.00                 | 0.65                 | 0.21                  |
|                           | (4.55)               | (0.97)               | (11.97)              | (0.00)               | (1.95)               | (1.44)               | (0.55)               | (0.00)               | (1.09)               | (0.32)                |
+---------------------------+----------------------+----------------------+----------------------+----------------------+----------------------+----------------------+----------------------+----------------------+----------------------+-----------------------+
| SOMO                      | 12.69                | 9.88                 | 0.36                 | 0.01                 | 0.25                 | 0.12                 | 10.78                | 1.86                 | 0.00                 | 0.71                  |
|                           | (24.78)              | (7.92)               | (0.71)               | (0.02)               | (0.58)               | (0.15)               | (3.07)               | (5.37)               | (0.00)               | (2.14)                |
+---------------------------+----------------------+----------------------+----------------------+----------------------+----------------------+----------------------+----------------------+----------------------+----------------------+-----------------------+
| MSYN                      | 3.50                 | 2.84                 | 1.50                 | 0.00                 | 0.25                 | 0.05                 | 9.65                 | 3.91                 | 0.00                 | 0.00                  |
|                           | (2.99)               | (1.49)               | (3.07)               | (0.00)               | (0.51)               | (0.13)               | (2.32)               | (6.19)               | (0.00)               | (0.00)                |
+---------------------------+----------------------+----------------------+----------------------+----------------------+----------------------+----------------------+----------------------+----------------------+----------------------+-----------------------+
| CCR                       | 2.95                 | 1.76                 | 0.37                 | 0.00                 | 7.47                 | 0.07                 | 8.85                 | 0.00                 | 0.00                 | 0.00                  |
|                           | (2.42)               | (1.02)               | (0.75)               | (0.00)               | (10.96)              | (0.11)               | (1.74)               | (0.00)               | (0.00)               | (0.00)                |
+---------------------------+----------------------+----------------------+----------------------+----------------------+----------------------+----------------------+----------------------+----------------------+----------------------+-----------------------+
| AHC                       | 1.22                 | 1.98                 | 0.19                 | 0.00                 | 0.63                 | 0.04                 | 10.04                | 0.25                 | 0.00                 | 0.23                  |
|                           | (1.53)               | (0.96)               | (0.18)               | (0.00)               | (1.52)               | (0.11)               | (1.40)               | (0.56)               | (0.00)               | (0.46)                |
+---------------------------+----------------------+----------------------+----------------------+----------------------+----------------------+----------------------+----------------------+----------------------+----------------------+-----------------------+
| ADASYN                    | 0.70                 | 1.27                 | 0.91                 | 0.00                 | 0.00                 | 0.01                 | 5.42                 | 1.41                 | 0.00                 | 0.00                  |
|                           | (0.77)               | (1.64)               | (0.93)               | (0.01)               | (0.00)               | (0.03)               | (2.46)               | (4.23)               | (0.00)               | (0.00)                |
+---------------------------+----------------------+----------------------+----------------------+----------------------+----------------------+----------------------+----------------------+----------------------+----------------------+-----------------------+
| RandomUnderSampler        | 3.38                 | 1.79                 | 0.72                 | 0.00                 | 3.80                 | 0.15                 | 8.63                 | 0.00                 | 0.00                 | 0.00                  |
|                           | (4.35)               | (0.71)               | (1.49)               | (0.00)               | (5.94)               | (0.34)               | (3.37)               | (0.00)               | (0.00)               | (0.00)                |
+---------------------------+----------------------+----------------------+----------------------+----------------------+----------------------+----------------------+----------------------+----------------------+----------------------+-----------------------+
| ClusterCentroids          | 1.13                 | 2.25                 | 2.07                 | 0.00                 | 0.00                 | 0.03                 | 0.00                 | 0.00                 | 0.00                 | 0.00                  |
|                           | (1.59)               | (1.16)               | (2.60)               | (0.01)               | (0.00)               | (0.09)               | (0.00)               | (0.00)               | (0.00)               | (0.00)                |
+---------------------------+----------------------+----------------------+----------------------+----------------------+----------------------+----------------------+----------------------+----------------------+----------------------+-----------------------+
| InstanceHardnessThreshold | 1.30                 | 1.81                 | 1.56                 | 0.00                 | 4.11                 | 0.01                 | 0.91                 | 0.84                 | 0.00                 | 1.50                  |
|                           | (1.29)               | (0.97)               | (2.02)               | (0.00)               | (7.74)               | (0.04)               | (0.89)               | (1.70)               | (0.00)               | (4.49)                |
+---------------------------+----------------------+----------------------+----------------------+----------------------+----------------------+----------------------+----------------------+----------------------+----------------------+-----------------------+
| NearMiss                  | 5.83                 | 73.51                | 47.54                | 0.00                 | 13.73                | 1.19                 | 78.93                | 0.00                 | 0.00                 | 0.00                  |
|                           | (4.52)               | (16.79)              | (9.36)               | (0.00)               | (19.42)              | (1.55)               | (15.71)              | (0.00)               | (0.00)               | (0.00)                |
+---------------------------+----------------------+----------------------+----------------------+----------------------+----------------------+----------------------+----------------------+----------------------+----------------------+-----------------------+
| TomekLinks                | 2.13                 | 1.72                 | 0.19                 | 0.00                 | 0.44                 | 0.08                 | 9.23                 | 0.00                 | 0.00                 | 0.00                  |
|                           | (2.18)               | (0.93)               | (0.23)               | (0.00)               | (0.98)               | (0.17)               | (1.94)               | (0.00)               | (0.00)               | (0.00)                |
+---------------------------+----------------------+----------------------+----------------------+----------------------+----------------------+----------------------+----------------------+----------------------+----------------------+-----------------------+
| EditedNearestNeighbours   | 1.95                 | 1.69                 | 0.37                 | 0.00                 | 7.03                 | 0.07                 | 7.92                 | 0.00                 | 0.00                 | 0.00                  |
|                           | (1.76)               | (0.99)               | (0.52)               | (0.00)               | (13.59)              | (0.13)               | (2.01)               | (0.00)               | (0.00)               | (0.00)                |
+---------------------------+----------------------+----------------------+----------------------+----------------------+----------------------+----------------------+----------------------+----------------------+----------------------+-----------------------+
| AllKNN                    | 2.01                 | 1.69                 | 0.35                 | 0.00                 | 11.96                | 0.01                 | 6.82                 | 0.00                 | 0.00                 | 0.00                  |
|                           | (1.70)               | (1.00)               | (0.47)               | (0.00)               | (14.95)              | (0.04)               | (1.92)               | (0.00)               | (0.00)               | (0.00)                |
+---------------------------+----------------------+----------------------+----------------------+----------------------+----------------------+----------------------+----------------------+----------------------+----------------------+-----------------------+
| OneSidedSelection         | 1.70                 | 1.99                 | 0.51                 | 1.07                 | 0.51                 | 0.07                 | 5.01                 | 0.00                 | 0.00                 | 0.00                  |
|                           | (1.61)               | (1.13)               | (0.98)               | (3.21)               | (1.52)               | (0.12)               | (1.85)               | (0.00)               | (0.00)               | (0.00)                |
+---------------------------+----------------------+----------------------+----------------------+----------------------+----------------------+----------------------+----------------------+----------------------+----------------------+-----------------------+
| CondensedNearestNeighbour | 1.70                 | 1.92                 | 2.40                 | 1.07                 | 0.00                 | 0.08                 | 9.74                 | 0.45                 | 0.83                 | 0.18                  |
|                           | (1.22)               | (0.99)               | (3.01)               | (3.21)               | (0.00)               | (0.11)               | (4.01)               | (1.36)               | (1.67)               | (0.37)                |
+---------------------------+----------------------+----------------------+----------------------+----------------------+----------------------+----------------------+----------------------+----------------------+----------------------+-----------------------+
| NeighbourhoodCleaningRule | 1.42                 | 1.67                 | 0.19                 | 0.00                 | 7.03                 | 0.03                 | 7.99                 | 0.02                 | 0.00                 | 0.00                  |
|                           | (1.53)               | (0.99)               | (0.23)               | (0.00)               | (13.59)              | (0.05)               | (2.32)               | (0.07)               | (0.00)               | (0.00)                |
+---------------------------+----------------------+----------------------+----------------------+----------------------+----------------------+----------------------+----------------------+----------------------+----------------------+-----------------------+