+---------------------------+----------------------+----------------------+----------------------+----------------------+----------------------+----------------------+----------------------+----------------------+----------------------+-----------------------+
| Sampling                  | $\mathcal{DS}_{1}$   | $\mathcal{DS}_{2}$   | $\mathcal{DS}_{3}$   | $\mathcal{DS}_{4}$   | $\mathcal{DS}_{5}$   | $\mathcal{DS}_{6}$   | $\mathcal{DS}_{7}$   | $\mathcal{DS}_{8}$   | $\mathcal{DS}_{9}$   | $\mathcal{DS}_{10}$   |
+===========================+======================+======================+======================+======================+======================+======================+======================+======================+======================+=======================+
| NoSMOTE                   | 0.20                 | 0.30                 | 0.07                 | 0.00                 | 0.06                 | 0.03                 | 0.98                 | 0.00                 | 0.00                 | 0.00                  |
|                           | (0.15)               | (0.20)               | (0.07)               | (0.00)               | (0.12)               | (0.04)               | (0.05)               | (0.00)               | (0.00)               | (0.00)                |
+---------------------------+----------------------+----------------------+----------------------+----------------------+----------------------+----------------------+----------------------+----------------------+----------------------+-----------------------+
| RandomOverSampler         | 0.11                 | 0.29                 | 0.11                 | 0.00                 | 0.00                 | 0.02                 | 1.00                 | 0.00                 | 0.00                 | 0.00                  |
|                           | (0.12)               | (0.19)               | (0.10)               | (0.00)               | (0.00)               | (0.02)               | (0.00)               | (0.00)               | (0.00)               | (0.00)                |
+---------------------------+----------------------+----------------------+----------------------+----------------------+----------------------+----------------------+----------------------+----------------------+----------------------+-----------------------+
| SMOTE                     | 0.14                 | 0.30                 | 0.13                 | 0.00                 | 0.00                 | 0.02                 | 0.99                 | 0.01                 | 0.00                 | 0.00                  |
|                           | (0.13)               | (0.19)               | (0.12)               | (0.00)               | (0.00)               | (0.03)               | (0.03)               | (0.03)               | (0.00)               | (0.00)                |
+---------------------------+----------------------+----------------------+----------------------+----------------------+----------------------+----------------------+----------------------+----------------------+----------------------+-----------------------+
| ProWSyn                   | 0.18                 | 0.33                 | 0.10                 | 0.00                 | 0.00                 | 0.02                 | 0.97                 | 0.11                 | 0.00                 | 0.00                  |
|                           | (0.17)               | (0.17)               | (0.11)               | (0.00)               | (0.00)               | (0.02)               | (0.05)               | (0.21)               | (0.00)               | (0.00)                |
+---------------------------+----------------------+----------------------+----------------------+----------------------+----------------------+----------------------+----------------------+----------------------+----------------------+-----------------------+
| BorderlineSMOTE           | 0.05                 | 0.67                 | 0.15                 | 0.00                 | 0.14                 | 0.01                 | 0.83                 | 0.23                 | 0.00                 | 0.10                  |
|                           | (0.05)               | (0.30)               | (0.14)               | (0.00)               | (0.23)               | (0.03)               | (0.15)               | (0.25)               | (0.00)               | (0.27)                |
+---------------------------+----------------------+----------------------+----------------------+----------------------+----------------------+----------------------+----------------------+----------------------+----------------------+-----------------------+
| DBSMOTE                   | 0.25                 | 0.31                 | 0.26                 | 0.00                 | 0.07                 | 0.09                 | 0.40                 | 0.00                 | 0.10                 | 0.09                  |
|                           | (0.19)               | (0.18)               | (0.19)               | (0.00)               | (0.12)               | (0.07)               | (0.19)               | (0.00)               | (0.16)               | (0.14)                |
+---------------------------+----------------------+----------------------+----------------------+----------------------+----------------------+----------------------+----------------------+----------------------+----------------------+-----------------------+
| SOMO                      | 0.23                 | 0.53                 | 0.08                 | 0.10                 | 0.01                 | 0.03                 | 0.97                 | 0.10                 | 0.00                 | 0.01                  |
|                           | (0.27)               | (0.17)               | (0.10)               | (0.30)               | (0.02)               | (0.04)               | (0.05)               | (0.23)               | (0.00)               | (0.01)                |
+---------------------------+----------------------+----------------------+----------------------+----------------------+----------------------+----------------------+----------------------+----------------------+----------------------+-----------------------+
| MSYN                      | 0.20                 | 0.42                 | 0.12                 | 0.00                 | 0.03                 | 0.02                 | 0.99                 | 0.14                 | 0.00                 | 0.00                  |
|                           | (0.16)               | (0.20)               | (0.12)               | (0.00)               | (0.08)               | (0.03)               | (0.03)               | (0.24)               | (0.00)               | (0.00)                |
+---------------------------+----------------------+----------------------+----------------------+----------------------+----------------------+----------------------+----------------------+----------------------+----------------------+-----------------------+
| CCR                       | 0.21                 | 0.40                 | 0.07                 | 0.00                 | 0.23                 | 0.02                 | 1.00                 | 0.00                 | 0.00                 | 0.00                  |
|                           | (0.14)               | (0.23)               | (0.07)               | (0.00)               | (0.26)               | (0.03)               | (0.00)               | (0.00)               | (0.00)               | (0.00)                |
+---------------------------+----------------------+----------------------+----------------------+----------------------+----------------------+----------------------+----------------------+----------------------+----------------------+-----------------------+
| AHC                       | 0.12                 | 0.33                 | 0.08                 | 0.00                 | 0.03                 | 0.01                 | 1.00                 | 0.03                 | 0.00                 | 0.10                  |
|                           | (0.13)               | (0.18)               | (0.08)               | (0.00)               | (0.06)               | (0.03)               | (0.00)               | (0.05)               | (0.00)               | (0.27)                |
+---------------------------+----------------------+----------------------+----------------------+----------------------+----------------------+----------------------+----------------------+----------------------+----------------------+-----------------------+
| ADASYN                    | 0.08                 | 0.20                 | 0.15                 | 0.10                 | 0.00                 | 0.01                 | 0.81                 | 0.01                 | 0.00                 | 0.00                  |
|                           | (0.06)               | (0.23)               | (0.12)               | (0.30)               | (0.00)               | (0.01)               | (0.14)               | (0.04)               | (0.00)               | (0.00)                |
+---------------------------+----------------------+----------------------+----------------------+----------------------+----------------------+----------------------+----------------------+----------------------+----------------------+-----------------------+
| RandomUnderSampler        | 0.20                 | 0.33                 | 0.11                 | 0.00                 | 0.16                 | 0.02                 | 0.93                 | 0.00                 | 0.00                 | 0.00                  |
|                           | (0.17)               | (0.15)               | (0.16)               | (0.00)               | (0.26)               | (0.05)               | (0.13)               | (0.00)               | (0.00)               | (0.00)                |
+---------------------------+----------------------+----------------------+----------------------+----------------------+----------------------+----------------------+----------------------+----------------------+----------------------+-----------------------+
| ClusterCentroids          | 0.06                 | 0.29                 | 0.15                 | 0.01                 | 0.00                 | 0.01                 | 0.00                 | 0.00                 | 0.00                 | 0.00                  |
|                           | (0.05)               | (0.19)               | (0.15)               | (0.04)               | (0.00)               | (0.01)               | (0.00)               | (0.00)               | (0.00)               | (0.00)                |
+---------------------------+----------------------+----------------------+----------------------+----------------------+----------------------+----------------------+----------------------+----------------------+----------------------+-----------------------+
| InstanceHardnessThreshold | 0.08                 | 0.30                 | 0.14                 | 0.00                 | 0.18                 | 0.01                 | 0.12                 | 0.02                 | 0.00                 | 0.11                  |
|                           | (0.07)               | (0.19)               | (0.15)               | (0.00)               | (0.31)               | (0.01)               | (0.08)               | (0.04)               | (0.00)               | (0.27)                |
+---------------------------+----------------------+----------------------+----------------------+----------------------+----------------------+----------------------+----------------------+----------------------+----------------------+-----------------------+
| NearMiss                  | 0.27                 | 0.94                 | 0.59                 | 0.00                 | 0.33                 | 0.06                 | 0.93                 | 0.00                 | 0.00                 | 0.00                  |
|                           | (0.15)               | (0.11)               | (0.16)               | (0.00)               | (0.41)               | (0.05)               | (0.08)               | (0.00)               | (0.00)               | (0.00)                |
+---------------------------+----------------------+----------------------+----------------------+----------------------+----------------------+----------------------+----------------------+----------------------+----------------------+-----------------------+
| TomekLinks                | 0.17                 | 0.31                 | 0.06                 | 0.00                 | 0.06                 | 0.01                 | 0.98                 | 0.00                 | 0.00                 | 0.00                  |
|                           | (0.14)               | (0.19)               | (0.07)               | (0.00)               | (0.12)               | (0.02)               | (0.05)               | (0.00)               | (0.00)               | (0.00)                |
+---------------------------+----------------------+----------------------+----------------------+----------------------+----------------------+----------------------+----------------------+----------------------+----------------------+-----------------------+
| EditedNearestNeighbours   | 0.14                 | 0.30                 | 0.08                 | 0.00                 | 0.16                 | 0.01                 | 0.97                 | 0.00                 | 0.00                 | 0.00                  |
|                           | (0.13)               | (0.20)               | (0.08)               | (0.00)               | (0.27)               | (0.02)               | (0.05)               | (0.00)               | (0.00)               | (0.00)                |
+---------------------------+----------------------+----------------------+----------------------+----------------------+----------------------+----------------------+----------------------+----------------------+----------------------+-----------------------+
| AllKNN                    | 0.14                 | 0.30                 | 0.08                 | 0.00                 | 0.25                 | 0.01                 | 0.89                 | 0.00                 | 0.00                 | 0.00                  |
|                           | (0.10)               | (0.20)               | (0.08)               | (0.00)               | (0.32)               | (0.02)               | (0.10)               | (0.00)               | (0.00)               | (0.00)                |
+---------------------------+----------------------+----------------------+----------------------+----------------------+----------------------+----------------------+----------------------+----------------------+----------------------+-----------------------+
| OneSidedSelection         | 0.16                 | 0.34                 | 0.10                 | 0.01                 | 0.06                 | 0.02                 | 0.81                 | 0.00                 | 0.00                 | 0.00                  |
|                           | (0.11)               | (0.16)               | (0.16)               | (0.04)               | (0.18)               | (0.03)               | (0.12)               | (0.00)               | (0.00)               | (0.00)                |
+---------------------------+----------------------+----------------------+----------------------+----------------------+----------------------+----------------------+----------------------+----------------------+----------------------+-----------------------+
| CondensedNearestNeighbour | 0.14                 | 0.41                 | 0.18                 | 0.01                 | 0.00                 | 0.03                 | 0.84                 | 0.01                 | 0.07                 | 0.03                  |
|                           | (0.10)               | (0.19)               | (0.20)               | (0.04)               | (0.00)               | (0.03)               | (0.20)               | (0.03)               | (0.15)               | (0.06)                |
+---------------------------+----------------------+----------------------+----------------------+----------------------+----------------------+----------------------+----------------------+----------------------+----------------------+-----------------------+
| NeighbourhoodCleaningRule | 0.14                 | 0.30                 | 0.06                 | 0.00                 | 0.16                 | 0.02                 | 0.93                 | 0.01                 | 0.00                 | 0.00                  |
|                           | (0.12)               | (0.20)               | (0.08)               | (0.00)               | (0.27)               | (0.02)               | (0.08)               | (0.02)               | (0.00)               | (0.00)                |
+---------------------------+----------------------+----------------------+----------------------+----------------------+----------------------+----------------------+----------------------+----------------------+----------------------+-----------------------+